1 0.425 0.9933808553971487 0.003061224489795918 0.003054989816700611
1 0.6607142857142857 0.9730142566191446 0.003061224489795918 0.003054989816700611
1 0.6637755102040817 0.9719959266802444 0.003061224489795918 0.003054989816700611
1 0.661734693877551 0.9719959266802444 0.003061224489795918 0.003054989816700611
1 0.6719387755102041 0.9689409368635438 0.003061224489795918 0.003054989816700611
1 0.675 0.9679226069246436 0.003061224489795918 0.003054989816700611
1 0.6729591836734694 0.9679226069246436 0.003061224489795918 0.003054989816700611
1 0.325 0.9679226069246436 0.003061224489795918 0.003054989816700611
1 0.6801020408163265 0.9658859470468432 0.003061224489795918 0.003054989816700611
1 0.3198979591836735 0.9658859470468432 0.003061224489795918 0.003054989816700611
1 0.31887755102040816 0.964867617107943 0.003061224489795918 0.003054989816700611
1 0.3168367346938776 0.964867617107943 0.003061224489795918 0.003054989816700611
1 0.685204081632653 0.9638492871690427 0.003061224489795918 0.003054989816700611
1 0.3137755102040816 0.9628309572301426 0.003061224489795918 0.003054989816700611
1 0.31173469387755104 0.9628309572301426 0.003061224489795918 0.003054989816700611
1 0.5260204081632653 0.9618126272912424 0.003061224489795918 0.003054989816700611
1 0.3086734693877551 0.9607942973523421 0.003061224489795918 0.003054989816700611
1 0.3066326530612245 0.9607942973523421 0.003061224489795918 0.003054989816700611
1 0.5535714285714286 0.959775967413442 0.003061224489795918 0.003054989816700611
1 0.6974489795918367 0.9587576374745418 0.003061224489795918 0.003054989816700611
1 0.6954081632653061 0.9587576374745418 0.003061224489795918 0.003054989816700611
1 0.29948979591836733 0.9577393075356415 0.003061224489795918 0.003054989816700611
1 0.7086734693877551 0.9536659877800407 0.003061224489795918 0.003054989816700611
1 0.2903061224489796 0.9536659877800407 0.003061224489795918 0.003054989816700611
1 0.35459183673469385 0.9394093686354379 0.003061224489795918 0.003054989816700611
1 0.6545918367346939 0.9363543788187373 0.003061224489795918 0.003054989816700611
1 0.3454081632653061 0.9363543788187373 0.003061224489795918 0.003054989816700611
1 0.3433673469387755 0.9363543788187373 0.003061224489795918 0.003054989816700611
1 0.3423469387755102 0.935336048879837 0.003061224489795918 0.003054989816700611
1 0.6627551020408163 0.9332993890020367 0.003061224489795918 0.003054989816700611
1 0.251530612244898 0.9332993890020367 0.003061224489795918 0.003054989816700611
1 0.7494897959183674 0.9322810590631364 0.003061224489795918 0.003054989816700611
1 0.33418367346938777 0.9322810590631364 0.003061224489795918 0.003054989816700611
1 0.6678571428571428 0.9312627291242362 0.003061224489795918 0.003054989816700611
1 0.32908163265306123 0.9302443991853361 0.003061224489795918 0.003054989816700611
1 0.6729591836734694 0.9292260692464358 0.003061224489795918 0.003054989816700611
1 0.2443877551020408 0.9292260692464358 0.003061224489795918 0.003054989816700611
1 0.3239795918367347 0.9282077393075356 0.003061224489795918 0.003054989816700611
1 0.7596938775510204 0.9261710794297352 0.003061224489795918 0.003054989816700611
1 0.6801020408163265 0.9261710794297352 0.003061224489795918 0.003054989816700611
1 0.3168367346938776 0.925152749490835 0.003061224489795918 0.003054989816700611
1 0.23622448979591837 0.9241344195519349 0.003061224489795918 0.003054989816700611
1 0.764795918367347 0.9231160896130346 0.003061224489795918 0.003054989816700611
1 0.6913265306122449 0.9210794297352343 0.003061224489795918 0.003054989816700611
1 0.3056122448979592 0.920061099796334 0.003061224489795918 0.003054989816700611
1 0.7280612244897959 0.9027494908350305 0.003061224489795918 0.003054989816700611
1 0.26785714285714285 0.9007128309572301 0.003061224489795918 0.003054989816700611
1 0.2627551020408163 0.8976578411405295 0.003061224489795918 0.003054989816700611
1 0.7403061224489796 0.8956211812627292 0.003061224489795918 0.003054989816700611
1 0.2576530612244898 0.8946028513238289 0.003061224489795918 0.003054989816700611
1 0.7484693877551021 0.8905295315682281 0.003061224489795918 0.003054989816700611
1 0.8188775510204082 0.8839103869653768 0.00510204081632653 0.006109979633401222
1 0.19183673469387755 0.8457230142566191 0.00816326530612245 0.009164969450101833
1 0.1306122448979592 0.8355397148676171 0.014285714285714285 0.013238289205702648
1 0.9239795918367347 0.7642566191446029 0.003061224489795918 0.003054989816700611
1 0.07397959183673469 0.7612016293279023 0.003061224489795918 0.003054989816700611
1 0.9270408163265306 0.7591649694501018 0.003061224489795918 0.003054989816700611
1 0.07193877551020408 0.7581466395112016 0.003061224489795918 0.003054989816700611
1 0.9301020408163265 0.7540733197556008 0.003061224489795918 0.003054989816700611
1 0.06479591836734694 0.7459266802443992 0.003061224489795918 0.003054989816700611
1 0.10663265306122449 0.744908350305499 0.003061224489795918 0.003054989816700611
1 0.8954081632653061 0.7418533604887984 0.003061224489795918 0.003054989816700611
1 0.10357142857142858 0.7398167006109979 0.003061224489795918 0.003054989816700611
1 0.8994897959183673 0.734725050916497 0.003061224489795918 0.003054989816700611
1 0.10051020408163265 0.734725050916497 0.003061224489795918 0.003054989816700611
1 0.9025510204081633 0.7296334012219959 0.003061224489795918 0.003054989816700611
1 0.9545918367346938 0.7082484725050916 0.003061224489795918 0.003054989816700611
1 0.044387755102040814 0.7072301425661914 0.003061224489795918 0.003054989816700611
1 0.04030612244897959 0.6980651731160896 0.003061224489795918 0.003054989816700611
1 0.9596938775510204 0.6970468431771895 0.003061224489795918 0.003054989816700611
1 0.9229591836734694 0.6909368635437881 0.003061224489795918 0.003054989816700611
1 0.07806122448979592 0.6909368635437881 0.003061224489795918 0.003054989816700611
1 0.037244897959183676 0.6909368635437881 0.003061224489795918 0.003054989816700611
1 0.9627551020408164 0.689918533604888 0.003061224489795918 0.003054989816700611
1 0.9229591836734694 0.6889002036659878 0.003061224489795918 0.003054989816700611
1 0.037244897959183676 0.6889002036659878 0.003061224489795918 0.003054989816700611
1 0.03520408163265306 0.6858452138492872 0.003061224489795918 0.003054989816700611
1 0.03316326530612245 0.6807535641547862 0.003061224489795918 0.003054989816700611
1 0.9668367346938775 0.679735234215886 0.003061224489795918 0.003054989816700611
1 0.9270408163265306 0.679735234215886 0.003061224489795918 0.003054989816700611
1 0.07295918367346939 0.679735234215886 0.003061224489795918 0.003054989816700611
1 0.03316326530612245 0.6787169042769857 0.003061224489795918 0.003054989816700611
1 0.03214285714285714 0.6776985743380856 0.003061224489795918 0.003054989816700611
1 0.9688775510204082 0.674643584521385 0.003061224489795918 0.003054989816700611
1 0.03010204081632653 0.6726069246435845 0.003061224489795918 0.003054989816700611
1 0.03010204081632653 0.6705702647657841 0.003061224489795918 0.003054989816700611
1 0.029081632653061223 0.6695519348268839 0.003061224489795918 0.003054989816700611
1 0.9321428571428572 0.6675152749490835 0.003061224489795918 0.003054989816700611
1 0.06785714285714285 0.6675152749490835 0.003061224489795918 0.003054989816700611
1 0.9729591836734693 0.6634419551934827 0.003061224489795918 0.003054989816700611
1 0.06581632653061224 0.6624236252545825 0.003061224489795918 0.003054989816700611
1 0.935204081632653 0.6593686354378818 0.003061224489795918 0.003054989816700611
1 0.06275510204081633 0.6542769857433809 0.003061224489795918 0.003054989816700611
1 0.001530612244897959 0.5341140529531568 0.003061224489795918 0.003054989816700611
1 0.037244897959183676 0.5290224032586558 0.003061224489795918 0.003054989816700611
1 0.001530612244897959 0.464867617107943 0.003061224489795918 0.003054989816700611
1 0.001530612244897959 0.45977596741344195 0.003061224489795918 0.003054989816700611
1 0.06173469387755102 0.34674134419551933 0.003061224489795918 0.003054989816700611
1 0.06275510204081633 0.34572301425661917 0.003061224489795918 0.003054989816700611
1 0.9362244897959183 0.3436863543788187 0.003061224489795918 0.003054989816700611
1 0.9362244897959183 0.34164969450101834 0.003061224489795918 0.003054989816700611
1 0.935204081632653 0.3406313645621181 0.003061224489795918 0.003054989816700611
1 0.026020408163265306 0.33859470468431774 0.003061224489795918 0.003054989816700611
1 0.06581632653061224 0.3375763747454175 0.003061224489795918 0.003054989816700611
1 0.9331632653061225 0.33553971486761713 0.003061224489795918 0.003054989816700611
1 0.9331632653061225 0.3335030549898167 0.003061224489795918 0.003054989816700611
1 0.9709183673469388 0.3314663951120163 0.003061224489795918 0.003054989816700611
1 0.9698979591836735 0.3304480651731161 0.003061224489795918 0.003054989816700611
1 0.9311224489795918 0.3304480651731161 0.003061224489795918 0.003054989816700611
1 0.9698979591836735 0.3284114052953157 0.003061224489795918 0.003054989816700611
1 0.9311224489795918 0.3284114052953157 0.003061224489795918 0.003054989816700611
1 0.06989795918367347 0.3273930753564155 0.003061224489795918 0.003054989816700611
1 0.03010204081632653 0.3273930753564155 0.003061224489795918 0.003054989816700611
1 0.9290816326530612 0.32535641547861505 0.003061224489795918 0.003054989816700611
1 0.9668367346938775 0.32230142566191444 0.003061224489795918 0.003054989816700611
1 0.07193877551020408 0.32230142566191444 0.003061224489795918 0.003054989816700611
1 0.03316326530612245 0.3212830957230143 0.003061224489795918 0.003054989816700611
1 0.9668367346938775 0.32026476578411406 0.003061224489795918 0.003054989816700611
1 0.03316326530612245 0.31924643584521384 0.003061224489795918 0.003054989816700611
1 0.9260204081632653 0.3182281059063136 0.003061224489795918 0.003054989816700611
1 0.9647959183673469 0.315173116089613 0.003061224489795918 0.003054989816700611
1 0.0760204081632653 0.31313645621181263 0.003061224489795918 0.003054989816700611
1 0.036224489795918365 0.3121181262729124 0.003061224489795918 0.003054989816700611
1 0.9627551020408164 0.310081466395112 0.003061224489795918 0.003054989816700611
1 0.9209183673469388 0.3070264765784114 0.003061224489795918 0.003054989816700611
1 0.039285714285714285 0.304989816700611 0.003061224489795918 0.003054989816700611
1 0.9566326530612245 0.29582484725050917 0.003061224489795918 0.003054989816700611
1 0.08418367346938775 0.29582484725050917 0.003061224489795918 0.003054989816700611
1 0.045408163265306126 0.29175152749490835 0.003061224489795918 0.003054989816700611
1 0.951530612244898 0.2846232179226069 0.003061224489795918 0.003054989816700611
1 0.9005102040816326 0.26731160896130346 0.003061224489795918 0.003054989816700611
1 0.10153061224489796 0.26323828920570264 0.003061224489795918 0.003054989816700611
1 0.8974489795918368 0.26221995926680247 0.003061224489795918 0.003054989816700611
1 0.06173469387755102 0.26018329938900203 0.003061224489795918 0.003054989816700611
1 0.10459183673469388 0.25814663951120165 0.003061224489795918 0.003054989816700611
1 0.10663265306122449 0.25509164969450104 0.003061224489795918 0.003054989816700611
1 0.9331632653061225 0.2510183299389002 0.003061224489795918 0.003054989816700611
1 0.06785714285714285 0.2489816700610998 0.003061224489795918 0.003054989816700611
1 0.9301020408163265 0.24592668024439918 0.003061224489795918 0.003054989816700611
1 0.07193877551020408 0.24185336048879838 0.003061224489795918 0.003054989816700611
1 0.9270408163265306 0.24083503054989816 0.003061224489795918 0.003054989816700611
1 0.075 0.23676171079429736 0.003061224489795918 0.003054989816700611
1 0.8438775510204082 0.18991853360488797 0.01020408163265306 0.009164969450101833
1 0.810204081632653 0.15631364562118127 0.00816326530612245 0.009164969450101833
1 0.8010204081632653 0.14816700610997963 0.006122448979591836 0.007128309572301426
1 0.17295918367346938 0.12321792260692464 0.007142857142857143 0.008146639511201629
1 0.25255102040816324 0.10845213849287169 0.003061224489795918 0.003054989816700611
1 0.7423469387755102 0.10539714867617107 0.003061224489795918 0.003054989816700611
1 0.2576530612244898 0.10539714867617107 0.003061224489795918 0.003054989816700611
1 0.26071428571428573 0.10336048879837068 0.003061224489795918 0.003054989816700611
1 0.7372448979591837 0.10234215885947047 0.003061224489795918 0.003054989816700611
1 0.7321428571428571 0.09928716904276985 0.003061224489795918 0.003054989816700611
1 0.26785714285714285 0.09928716904276985 0.003061224489795918 0.003054989816700611
1 0.725 0.09521384928716904 0.003061224489795918 0.003054989816700611
1 0.6964285714285714 0.08095723014256619 0.003061224489795918 0.003054989816700611
1 0.3086734693877551 0.07892057026476579 0.003061224489795918 0.003054989816700611
1 0.23214285714285715 0.07892057026476579 0.003061224489795918 0.003054989816700611
1 0.761734693877551 0.07484725050916496 0.003061224489795918 0.003054989816700611
1 0.31785714285714284 0.07484725050916496 0.003061224489795918 0.003054989816700611
1 0.2403061224489796 0.07382892057026477 0.003061224489795918 0.003054989816700611
1 0.7586734693877552 0.07281059063136457 0.003061224489795918 0.003054989816700611
1 0.6760204081632653 0.07179226069246436 0.003061224489795918 0.003054989816700611
1 0.325 0.07179226069246436 0.003061224489795918 0.003054989816700611
1 0.24540816326530612 0.07077393075356415 0.003061224489795918 0.003054989816700611
1 0.7535714285714286 0.06975560081466395 0.003061224489795918 0.003054989816700611
1 0.6729591836734694 0.06975560081466395 0.003061224489795918 0.003054989816700611
1 0.6709183673469388 0.06975560081466395 0.003061224489795918 0.003054989816700611
1 0.33010204081632655 0.06975560081466395 0.003061224489795918 0.003054989816700611
1 0.6678571428571428 0.06771894093686355 0.003061224489795918 0.003054989816700611
1 0.6658163265306123 0.06771894093686355 0.003061224489795918 0.003054989816700611
1 0.3352040816326531 0.06771894093686355 0.003061224489795918 0.003054989816700611
1 0.25051020408163266 0.06771894093686355 0.003061224489795918 0.003054989816700611
1 0.7464285714285714 0.06568228105906314 0.003061224489795918 0.003054989816700611
1 0.6607142857142857 0.06568228105906314 0.003061224489795918 0.003054989816700611
1 0.6596938775510204 0.06466395112016293 0.003061224489795918 0.003054989816700611
1 0.6576530612244897 0.06466395112016293 0.003061224489795918 0.003054989816700611
1 0.3433673469387755 0.06466395112016293 0.003061224489795918 0.003054989816700611
1 0.28214285714285714 0.050407331975560084 0.003061224489795918 0.003054989816700611
1 0.7137755102040816 0.04837067209775967 0.003061224489795918 0.003054989816700611
1 0.2954081632653061 0.04429735234215886 0.003061224489795918 0.003054989816700611
1 0.7025510204081633 0.043279022403258656 0.003061224489795918 0.003054989816700611
1 0.6954081632653061 0.040224032586558045 0.003061224489795918 0.003054989816700611
1 0.6933673469387756 0.040224032586558045 0.003061224489795918 0.003054989816700611
1 0.5535714285714286 0.040224032586558045 0.003061224489795918 0.003054989816700611
1 0.30459183673469387 0.040224032586558045 0.003061224489795918 0.003054989816700611
1 0.6903061224489796 0.03818737270875764 0.003061224489795918 0.003054989816700611
1 0.3096938775510204 0.03818737270875764 0.003061224489795918 0.003054989816700611
1 0.685204081632653 0.03615071283095723 0.003061224489795918 0.003054989816700611
1 0.31479591836734694 0.03615071283095723 0.003061224489795918 0.003054989816700611
1 0.6801020408163265 0.03411405295315682 0.003061224489795918 0.003054989816700611
1 0.6780612244897959 0.03411405295315682 0.003061224489795918 0.003054989816700611
1 0.3198979591836735 0.03411405295315682 0.003061224489795918 0.003054989816700611
1 0.6770408163265306 0.03309572301425662 0.003061224489795918 0.003054989816700611
1 0.3280612244897959 0.031059063136456212 0.003061224489795918 0.003054989816700611
1 0.6688775510204081 0.03004073319755601 0.003061224489795918 0.003054989816700611
1 0.6668367346938775 0.03004073319755601 0.003061224489795918 0.003054989816700611
1 0.6658163265306123 0.029022403258655804 0.003061224489795918 0.003054989816700611
1 0.425 0.9933808553971487 0.003061224489795918 0.003054989816700611
1 0.6607142857142857 0.9730142566191446 0.003061224489795918 0.003054989816700611
1 0.6637755102040817 0.9719959266802444 0.003061224489795918 0.003054989816700611
1 0.661734693877551 0.9719959266802444 0.003061224489795918 0.003054989816700611
1 0.6719387755102041 0.9689409368635438 0.003061224489795918 0.003054989816700611
1 0.675 0.9679226069246436 0.003061224489795918 0.003054989816700611
1 0.6729591836734694 0.9679226069246436 0.003061224489795918 0.003054989816700611
1 0.325 0.9679226069246436 0.003061224489795918 0.003054989816700611
1 0.6801020408163265 0.9658859470468432 0.003061224489795918 0.003054989816700611
1 0.3198979591836735 0.9658859470468432 0.003061224489795918 0.003054989816700611
1 0.31887755102040816 0.964867617107943 0.003061224489795918 0.003054989816700611
1 0.3168367346938776 0.964867617107943 0.003061224489795918 0.003054989816700611
1 0.685204081632653 0.9638492871690427 0.003061224489795918 0.003054989816700611
1 0.3137755102040816 0.9628309572301426 0.003061224489795918 0.003054989816700611
1 0.31173469387755104 0.9628309572301426 0.003061224489795918 0.003054989816700611
1 0.5260204081632653 0.9618126272912424 0.003061224489795918 0.003054989816700611
1 0.3086734693877551 0.9607942973523421 0.003061224489795918 0.003054989816700611
1 0.3066326530612245 0.9607942973523421 0.003061224489795918 0.003054989816700611
1 0.5535714285714286 0.959775967413442 0.003061224489795918 0.003054989816700611
1 0.6974489795918367 0.9587576374745418 0.003061224489795918 0.003054989816700611
1 0.6954081632653061 0.9587576374745418 0.003061224489795918 0.003054989816700611
1 0.29948979591836733 0.9577393075356415 0.003061224489795918 0.003054989816700611
1 0.7086734693877551 0.9536659877800407 0.003061224489795918 0.003054989816700611
1 0.2903061224489796 0.9536659877800407 0.003061224489795918 0.003054989816700611
1 0.35459183673469385 0.9394093686354379 0.003061224489795918 0.003054989816700611
1 0.6545918367346939 0.9363543788187373 0.003061224489795918 0.003054989816700611
1 0.3454081632653061 0.9363543788187373 0.003061224489795918 0.003054989816700611
1 0.3433673469387755 0.9363543788187373 0.003061224489795918 0.003054989816700611
1 0.3423469387755102 0.935336048879837 0.003061224489795918 0.003054989816700611
1 0.6627551020408163 0.9332993890020367 0.003061224489795918 0.003054989816700611
1 0.251530612244898 0.9332993890020367 0.003061224489795918 0.003054989816700611
1 0.7494897959183674 0.9322810590631364 0.003061224489795918 0.003054989816700611
1 0.33418367346938777 0.9322810590631364 0.003061224489795918 0.003054989816700611
1 0.6678571428571428 0.9312627291242362 0.003061224489795918 0.003054989816700611
1 0.32908163265306123 0.9302443991853361 0.003061224489795918 0.003054989816700611
1 0.6729591836734694 0.9292260692464358 0.003061224489795918 0.003054989816700611
1 0.2443877551020408 0.9292260692464358 0.003061224489795918 0.003054989816700611
1 0.3239795918367347 0.9282077393075356 0.003061224489795918 0.003054989816700611
1 0.7596938775510204 0.9261710794297352 0.003061224489795918 0.003054989816700611
1 0.6801020408163265 0.9261710794297352 0.003061224489795918 0.003054989816700611
1 0.3168367346938776 0.925152749490835 0.003061224489795918 0.003054989816700611
1 0.23622448979591837 0.9241344195519349 0.003061224489795918 0.003054989816700611
1 0.764795918367347 0.9231160896130346 0.003061224489795918 0.003054989816700611
1 0.6913265306122449 0.9210794297352343 0.003061224489795918 0.003054989816700611
1 0.3056122448979592 0.920061099796334 0.003061224489795918 0.003054989816700611
1 0.7280612244897959 0.9027494908350305 0.003061224489795918 0.003054989816700611
1 0.26785714285714285 0.9007128309572301 0.003061224489795918 0.003054989816700611
1 0.2627551020408163 0.8976578411405295 0.003061224489795918 0.003054989816700611
1 0.7403061224489796 0.8956211812627292 0.003061224489795918 0.003054989816700611
1 0.2576530612244898 0.8946028513238289 0.003061224489795918 0.003054989816700611
1 0.7484693877551021 0.8905295315682281 0.003061224489795918 0.003054989816700611
1 0.8188775510204082 0.8839103869653768 0.00510204081632653 0.006109979633401222
1 0.19183673469387755 0.8457230142566191 0.00816326530612245 0.009164969450101833
1 0.1306122448979592 0.8355397148676171 0.014285714285714285 0.013238289205702648
1 0.9239795918367347 0.7642566191446029 0.003061224489795918 0.003054989816700611
1 0.07397959183673469 0.7612016293279023 0.003061224489795918 0.003054989816700611
1 0.9270408163265306 0.7591649694501018 0.003061224489795918 0.003054989816700611
1 0.07193877551020408 0.7581466395112016 0.003061224489795918 0.003054989816700611
1 0.9301020408163265 0.7540733197556008 0.003061224489795918 0.003054989816700611
1 0.06479591836734694 0.7459266802443992 0.003061224489795918 0.003054989816700611
1 0.10663265306122449 0.744908350305499 0.003061224489795918 0.003054989816700611
1 0.8954081632653061 0.7418533604887984 0.003061224489795918 0.003054989816700611
1 0.10357142857142858 0.7398167006109979 0.003061224489795918 0.003054989816700611
1 0.8994897959183673 0.734725050916497 0.003061224489795918 0.003054989816700611
1 0.10051020408163265 0.734725050916497 0.003061224489795918 0.003054989816700611
1 0.9025510204081633 0.7296334012219959 0.003061224489795918 0.003054989816700611
1 0.9545918367346938 0.7082484725050916 0.003061224489795918 0.003054989816700611
1 0.044387755102040814 0.7072301425661914 0.003061224489795918 0.003054989816700611
1 0.04030612244897959 0.6980651731160896 0.003061224489795918 0.003054989816700611
1 0.9596938775510204 0.6970468431771895 0.003061224489795918 0.003054989816700611
1 0.9229591836734694 0.6909368635437881 0.003061224489795918 0.003054989816700611
1 0.07806122448979592 0.6909368635437881 0.003061224489795918 0.003054989816700611
1 0.037244897959183676 0.6909368635437881 0.003061224489795918 0.003054989816700611
1 0.9627551020408164 0.689918533604888 0.003061224489795918 0.003054989816700611
1 0.9229591836734694 0.6889002036659878 0.003061224489795918 0.003054989816700611
1 0.037244897959183676 0.6889002036659878 0.003061224489795918 0.003054989816700611
1 0.03520408163265306 0.6858452138492872 0.003061224489795918 0.003054989816700611
1 0.03316326530612245 0.6807535641547862 0.003061224489795918 0.003054989816700611
1 0.9668367346938775 0.679735234215886 0.003061224489795918 0.003054989816700611
1 0.9270408163265306 0.679735234215886 0.003061224489795918 0.003054989816700611
1 0.07295918367346939 0.679735234215886 0.003061224489795918 0.003054989816700611
1 0.03316326530612245 0.6787169042769857 0.003061224489795918 0.003054989816700611
1 0.03214285714285714 0.6776985743380856 0.003061224489795918 0.003054989816700611
1 0.9688775510204082 0.674643584521385 0.003061224489795918 0.003054989816700611
1 0.03010204081632653 0.6726069246435845 0.003061224489795918 0.003054989816700611
1 0.03010204081632653 0.6705702647657841 0.003061224489795918 0.003054989816700611
1 0.029081632653061223 0.6695519348268839 0.003061224489795918 0.003054989816700611
1 0.9321428571428572 0.6675152749490835 0.003061224489795918 0.003054989816700611
1 0.06785714285714285 0.6675152749490835 0.003061224489795918 0.003054989816700611
1 0.9729591836734693 0.6634419551934827 0.003061224489795918 0.003054989816700611
1 0.06581632653061224 0.6624236252545825 0.003061224489795918 0.003054989816700611
1 0.935204081632653 0.6593686354378818 0.003061224489795918 0.003054989816700611
1 0.06275510204081633 0.6542769857433809 0.003061224489795918 0.003054989816700611
1 0.001530612244897959 0.5341140529531568 0.003061224489795918 0.003054989816700611
1 0.037244897959183676 0.5290224032586558 0.003061224489795918 0.003054989816700611
1 0.001530612244897959 0.464867617107943 0.003061224489795918 0.003054989816700611
1 0.001530612244897959 0.45977596741344195 0.003061224489795918 0.003054989816700611
1 0.06173469387755102 0.34674134419551933 0.003061224489795918 0.003054989816700611
1 0.06275510204081633 0.34572301425661917 0.003061224489795918 0.003054989816700611
1 0.9362244897959183 0.3436863543788187 0.003061224489795918 0.003054989816700611
1 0.9362244897959183 0.34164969450101834 0.003061224489795918 0.003054989816700611
1 0.935204081632653 0.3406313645621181 0.003061224489795918 0.003054989816700611
1 0.026020408163265306 0.33859470468431774 0.003061224489795918 0.003054989816700611
1 0.06581632653061224 0.3375763747454175 0.003061224489795918 0.003054989816700611
1 0.9331632653061225 0.33553971486761713 0.003061224489795918 0.003054989816700611
1 0.9331632653061225 0.3335030549898167 0.003061224489795918 0.003054989816700611
1 0.9709183673469388 0.3314663951120163 0.003061224489795918 0.003054989816700611
1 0.9698979591836735 0.3304480651731161 0.003061224489795918 0.003054989816700611
1 0.9311224489795918 0.3304480651731161 0.003061224489795918 0.003054989816700611
1 0.9698979591836735 0.3284114052953157 0.003061224489795918 0.003054989816700611
1 0.9311224489795918 0.3284114052953157 0.003061224489795918 0.003054989816700611
1 0.06989795918367347 0.3273930753564155 0.003061224489795918 0.003054989816700611
1 0.03010204081632653 0.3273930753564155 0.003061224489795918 0.003054989816700611
1 0.9290816326530612 0.32535641547861505 0.003061224489795918 0.003054989816700611
1 0.9668367346938775 0.32230142566191444 0.003061224489795918 0.003054989816700611
1 0.07193877551020408 0.32230142566191444 0.003061224489795918 0.003054989816700611
1 0.03316326530612245 0.3212830957230143 0.003061224489795918 0.003054989816700611
1 0.9668367346938775 0.32026476578411406 0.003061224489795918 0.003054989816700611
1 0.03316326530612245 0.31924643584521384 0.003061224489795918 0.003054989816700611
1 0.9260204081632653 0.3182281059063136 0.003061224489795918 0.003054989816700611
1 0.9647959183673469 0.315173116089613 0.003061224489795918 0.003054989816700611
1 0.0760204081632653 0.31313645621181263 0.003061224489795918 0.003054989816700611
1 0.036224489795918365 0.3121181262729124 0.003061224489795918 0.003054989816700611
1 0.9627551020408164 0.310081466395112 0.003061224489795918 0.003054989816700611
1 0.9209183673469388 0.3070264765784114 0.003061224489795918 0.003054989816700611
1 0.039285714285714285 0.304989816700611 0.003061224489795918 0.003054989816700611
1 0.9566326530612245 0.29582484725050917 0.003061224489795918 0.003054989816700611
1 0.08418367346938775 0.29582484725050917 0.003061224489795918 0.003054989816700611
1 0.045408163265306126 0.29175152749490835 0.003061224489795918 0.003054989816700611
1 0.951530612244898 0.2846232179226069 0.003061224489795918 0.003054989816700611
1 0.9005102040816326 0.26731160896130346 0.003061224489795918 0.003054989816700611
1 0.10153061224489796 0.26323828920570264 0.003061224489795918 0.003054989816700611
1 0.8974489795918368 0.26221995926680247 0.003061224489795918 0.003054989816700611
1 0.06173469387755102 0.26018329938900203 0.003061224489795918 0.003054989816700611
1 0.10459183673469388 0.25814663951120165 0.003061224489795918 0.003054989816700611
1 0.10663265306122449 0.25509164969450104 0.003061224489795918 0.003054989816700611
1 0.9331632653061225 0.2510183299389002 0.003061224489795918 0.003054989816700611
1 0.06785714285714285 0.2489816700610998 0.003061224489795918 0.003054989816700611
1 0.9301020408163265 0.24592668024439918 0.003061224489795918 0.003054989816700611
1 0.07193877551020408 0.24185336048879838 0.003061224489795918 0.003054989816700611
1 0.9270408163265306 0.24083503054989816 0.003061224489795918 0.003054989816700611
1 0.075 0.23676171079429736 0.003061224489795918 0.003054989816700611
1 0.8438775510204082 0.18991853360488797 0.01020408163265306 0.009164969450101833
1 0.810204081632653 0.15631364562118127 0.00816326530612245 0.009164969450101833
1 0.8010204081632653 0.14816700610997963 0.006122448979591836 0.007128309572301426
1 0.17295918367346938 0.12321792260692464 0.007142857142857143 0.008146639511201629
1 0.25255102040816324 0.10845213849287169 0.003061224489795918 0.003054989816700611
1 0.7423469387755102 0.10539714867617107 0.003061224489795918 0.003054989816700611
1 0.2576530612244898 0.10539714867617107 0.003061224489795918 0.003054989816700611
1 0.26071428571428573 0.10336048879837068 0.003061224489795918 0.003054989816700611
1 0.7372448979591837 0.10234215885947047 0.003061224489795918 0.003054989816700611
1 0.7321428571428571 0.09928716904276985 0.003061224489795918 0.003054989816700611
1 0.26785714285714285 0.09928716904276985 0.003061224489795918 0.003054989816700611
1 0.725 0.09521384928716904 0.003061224489795918 0.003054989816700611
1 0.6964285714285714 0.08095723014256619 0.003061224489795918 0.003054989816700611
1 0.3086734693877551 0.07892057026476579 0.003061224489795918 0.003054989816700611
1 0.23214285714285715 0.07892057026476579 0.003061224489795918 0.003054989816700611
1 0.761734693877551 0.07484725050916496 0.003061224489795918 0.003054989816700611
1 0.31785714285714284 0.07484725050916496 0.003061224489795918 0.003054989816700611
1 0.2403061224489796 0.07382892057026477 0.003061224489795918 0.003054989816700611
1 0.7586734693877552 0.07281059063136457 0.003061224489795918 0.003054989816700611
1 0.6760204081632653 0.07179226069246436 0.003061224489795918 0.003054989816700611
1 0.325 0.07179226069246436 0.003061224489795918 0.003054989816700611
1 0.24540816326530612 0.07077393075356415 0.003061224489795918 0.003054989816700611
1 0.7535714285714286 0.06975560081466395 0.003061224489795918 0.003054989816700611
1 0.6729591836734694 0.06975560081466395 0.003061224489795918 0.003054989816700611
1 0.6709183673469388 0.06975560081466395 0.003061224489795918 0.003054989816700611
1 0.33010204081632655 0.06975560081466395 0.003061224489795918 0.003054989816700611
1 0.6678571428571428 0.06771894093686355 0.003061224489795918 0.003054989816700611
1 0.6658163265306123 0.06771894093686355 0.003061224489795918 0.003054989816700611
1 0.3352040816326531 0.06771894093686355 0.003061224489795918 0.003054989816700611
1 0.25051020408163266 0.06771894093686355 0.003061224489795918 0.003054989816700611
1 0.7464285714285714 0.06568228105906314 0.003061224489795918 0.003054989816700611
1 0.6607142857142857 0.06568228105906314 0.003061224489795918 0.003054989816700611
1 0.6596938775510204 0.06466395112016293 0.003061224489795918 0.003054989816700611
1 0.6576530612244897 0.06466395112016293 0.003061224489795918 0.003054989816700611
1 0.3433673469387755 0.06466395112016293 0.003061224489795918 0.003054989816700611
1 0.28214285714285714 0.050407331975560084 0.003061224489795918 0.003054989816700611
1 0.7137755102040816 0.04837067209775967 0.003061224489795918 0.003054989816700611
1 0.2954081632653061 0.04429735234215886 0.003061224489795918 0.003054989816700611
1 0.7025510204081633 0.043279022403258656 0.003061224489795918 0.003054989816700611
1 0.6954081632653061 0.040224032586558045 0.003061224489795918 0.003054989816700611
1 0.6933673469387756 0.040224032586558045 0.003061224489795918 0.003054989816700611
1 0.5535714285714286 0.040224032586558045 0.003061224489795918 0.003054989816700611
1 0.30459183673469387 0.040224032586558045 0.003061224489795918 0.003054989816700611
1 0.6903061224489796 0.03818737270875764 0.003061224489795918 0.003054989816700611
1 0.3096938775510204 0.03818737270875764 0.003061224489795918 0.003054989816700611
1 0.685204081632653 0.03615071283095723 0.003061224489795918 0.003054989816700611
1 0.31479591836734694 0.03615071283095723 0.003061224489795918 0.003054989816700611
1 0.6801020408163265 0.03411405295315682 0.003061224489795918 0.003054989816700611
1 0.6780612244897959 0.03411405295315682 0.003061224489795918 0.003054989816700611
1 0.3198979591836735 0.03411405295315682 0.003061224489795918 0.003054989816700611
1 0.6770408163265306 0.03309572301425662 0.003061224489795918 0.003054989816700611
1 0.3280612244897959 0.031059063136456212 0.003061224489795918 0.003054989816700611
1 0.6688775510204081 0.03004073319755601 0.003061224489795918 0.003054989816700611
1 0.6668367346938775 0.03004073319755601 0.003061224489795918 0.003054989816700611
1 0.6658163265306123 0.029022403258655804 0.003061224489795918 0.003054989816700611
